<?xml version="1.0"?>
<opencv_storage>
<Q type_id="opencv-matrix">
  <rows>4</rows>
  <cols>4</cols>
  <dt>d</dt>
  <data>
    1. 0. 0. -386.58866691589355 0. 1. 0. -237.28364753723145 0. 0. 0.
    772.09957271363271 0. 0. -14.172897862802602 0.</data></Q>
</opencv_storage>
